9
NTH        0.000000 0.557536 0.249107 0.529047 0.547421 0.535985 0.711291 0.661377 0.596068 
EG         0.557536 0.000000 0.374131 0.447364 0.415608 0.576734 0.527273 0.569054 0.427316 
FR         0.249107 0.374131 0.000000 0.381638 0.448220 0.541080 0.623051 0.620493 0.484218 
GA         0.529047 0.447364 0.381638 0.000000 0.538266 0.458790 0.604743 0.597999 0.415398 
GU         0.547421 0.415608 0.448220 0.538266 0.000000 0.511663 0.694081 0.671258 0.428934 
EF         0.535985 0.576734 0.541080 0.458790 0.511663 0.000000 0.647619 0.595698 0.427560 
KN         0.711291 0.527273 0.623051 0.604743 0.694081 0.647619 0.000000 0.712473 0.467683 
SB         0.661377 0.569054 0.620493 0.597999 0.671258 0.595698 0.712473 0.000000 0.499323 
SP         0.596068 0.427316 0.484218 0.415398 0.428934 0.427560 0.467683 0.499323 0.000000 
