9
NTH        0.000000 0.059219 0.031805 0.062003 0.055263 0.065879 0.082517 0.073917 0.066724 
EG         0.059219 0.000000 0.046165 0.046924 0.034375 0.078458 0.054173 0.059001 0.047068 
FR         0.031805 0.046165 0.000000 0.055546 0.043500 0.069394 0.070406 0.067995 0.056462 
GA         0.062003 0.046924 0.055546 0.000000 0.049276 0.046466 0.050516 0.049904 0.044031 
GU         0.055263 0.034375 0.043500 0.049276 0.000000 0.054515 0.056390 0.054509 0.039675 
EF         0.065879 0.078458 0.069394 0.046466 0.054515 0.000000 0.060403 0.056726 0.054952 
KN         0.082517 0.054173 0.070406 0.050516 0.056390 0.060403 0.000000 0.057874 0.033067 
SB         0.073917 0.059001 0.067995 0.049904 0.054509 0.056726 0.057874 0.000000 0.036610 
SP         0.066724 0.047068 0.056462 0.044031 0.039675 0.054952 0.033067 0.036610 0.000000 
