9
NTH        0.000000 0.334250 0.200628 0.351720 0.351414 0.327375 0.461623 0.410987 0.394490 
EG         0.334250 0.000000 0.264541 0.285465 0.245984 0.382925 0.329635 0.342109 0.272260 
FR         0.200628 0.264541 0.000000 0.273870 0.313249 0.433575 0.416606 0.471690 0.339329 
GA         0.351720 0.285465 0.273870 0.000000 0.353868 0.299830 0.399360 0.388705 0.277960 
GU         0.351414 0.245984 0.313249 0.353868 0.000000 0.346835 0.438985 0.409585 0.290951 
EF         0.327375 0.382925 0.433575 0.299830 0.346835 0.000000 0.420077 0.360555 0.297212 
KN         0.461623 0.329635 0.416606 0.399360 0.438985 0.420077 0.000000 0.452614 0.311928 
SB         0.410987 0.342109 0.471690 0.388705 0.409585 0.360555 0.452614 0.000000 0.314119 
SP         0.394490 0.272260 0.339329 0.277960 0.290951 0.297212 0.311928 0.314119 0.000000 
