9
NTH        0.0000000 0.0286044 0.0144551 0.0253103 0.0280771 0.0285841 0.0371401 0.0336029 0.0276234 
EG         0.0286044 0.0000000 0.0135042 0.0112244 0.0207347 0.0375547 0.0200435 0.0259669 0.0202865 
FR         0.0144551 0.0135042 0.0000000 0.0196797 0.0264354 0.0276257 0.0250548 0.0268514 0.0164639 
GA         0.0253103 0.0112244 0.0196797 0.0000000 0.0229344 0.0233938 0.0218536 0.0236758 0.0224581 
GU         0.0280771 0.0207347 0.0264354 0.0229344 0.0000000 0.0255384 0.0286238 0.0307412 0.0197285 
EF         0.0285841 0.0375547 0.0276257 0.0233938 0.0255384 0.0000000 0.0476121 0.0368265 0.0314956 
KN         0.0371401 0.0200435 0.0250548 0.0218536 0.0286238 0.0476121 0.0000000 0.0245952 0.0235105 
SB         0.0336029 0.0259669 0.0268514 0.0236758 0.0307412 0.0368265 0.0245952 0.0000000 0.0212007 
SP         0.0276234 0.0202865 0.0164639 0.0224581 0.0197285 0.0314956 0.0235105 0.0212007 0.0000000 
