9
NTH        0.000000 0.065535 0.048501 0.113092 0.146698 0.155119 0.095744 0.121436 0.131267 
EG         0.065535 0.000000 0.053371 0.100185 0.127623 0.136083 0.081814 0.112533 0.109806 
FR         0.048501 0.053371 0.000000 0.116267 0.148467 0.160055 0.090530 0.131819 0.137120 
GA         0.113092 0.100185 0.116267 0.000000 0.095153 0.107785 0.091082 0.107237 0.084501 
GU         0.146698 0.127623 0.148467 0.095153 0.000000 0.108982 0.118077 0.139034 0.100373 
EF         0.155119 0.136083 0.160055 0.107785 0.108982 0.000000 0.129846 0.130242 0.112661 
KN         0.095744 0.081814 0.090530 0.091082 0.118077 0.129846 0.000000 0.114638 0.093647 
SB         0.121436 0.112533 0.131819 0.107237 0.139034 0.130242 0.114638 0.000000 0.085385 
SP         0.131267 0.109806 0.137120 0.084501 0.100373 0.112661 0.093647 0.085385 0.000000 
