9
NTH        0.0000000 0.8464980 1.0182674 0.9854141 1.0596768 1.0164003 0.7105684 0.7337196 0.7555523 
EG         0.8464980 0.0000000 0.5606421 1.1583540 1.1872548 8.9999987 1.9462097 0.8260155 1.1118101 
FR         1.0182674 0.5606421 0.0000000 1.2366932 1.9306353 1.1384797 8.9999985 0.7624732 1.0892332 
GA         0.9854141 1.1583540 1.2366932 0.0000000 0.6179903 0.7052813 0.6402060 0.8333872 0.4445837 
GU         1.0596768 1.1872548 1.9306353 0.6179903 0.0000000 0.7838059 0.9910526 0.7216128 0.6608801 
EF         1.0164003 8.9999987 1.1384797 0.7052813 0.7838059 0.0000000 8.9999990 1.0589891 0.8653544 
KN         0.7105684 1.9462097 8.9999985 0.6402060 0.9910526 8.9999990 0.0000000 0.6542319 0.5617329 
SB         0.7337196 0.8260155 0.7624732 0.8333872 0.7216128 1.0589891 0.6542319 0.0000000 0.6303302 
SP         0.7555523 1.1118101 1.0892332 0.4445837 0.6608801 0.8653544 0.5617329 0.6303302 0.0000000 
