9
NTH        0.0000000 1.1918071 1.1324193 1.5112120 1.8948685 1.5426059 1.2160078 1.5989731 2.1992653 
EG         1.1918071 0.0000000 1.1699288 1.5702092 1.9913485 1.6823261 1.2651825 1.5782521 1.8917124 
FR         1.1324193 1.1699288 0.0000000 1.4597682 1.7867168 1.4262905 1.2073849 1.8192982 1.8412458 
GA         1.5112120 1.5702092 1.4597682 0.0000000 1.7948645 1.6479819 1.4554305 1.8626856 2.0097985 
GU         1.8948685 1.9913485 1.7867168 1.7948645 0.0000000 1.8462367 1.9120691 1.9910473 2.7126027 
EF         1.5426059 1.6823261 1.4262905 1.6479819 1.8462367 0.0000000 1.5614466 2.1566830 1.8585968 
KN         1.2160078 1.2651825 1.2073849 1.4554305 1.9120691 1.5614466 0.0000000 1.6770935 1.5775889 
SB         1.5989731 1.5782521 1.8192982 1.8626856 1.9910473 2.1566830 1.6770935 0.0000000 2.1919253 
SP         2.1992653 1.8917124 1.8412458 2.0097985 2.7126027 1.8585968 1.5775889 2.1919253 0.0000000 
