9
NTH        0.000000 0.297820 0.219019 0.588670 0.847032 0.789346 0.580516 0.752308 0.681240 
EG         0.297820 0.000000 0.240588 0.515704 0.760141 0.660356 0.470835 0.688545 0.515690 
FR         0.219019 0.240588 0.000000 0.556468 0.832427 0.743778 0.532481 0.775405 0.618544 
GA         0.588670 0.515704 0.556468 0.000000 0.573500 0.512873 0.560097 0.653471 0.402851 
GU         0.847032 0.760141 0.832427 0.573500 0.000000 0.652759 0.815464 0.936866 0.571548 
EF         0.789346 0.660356 0.743778 0.512873 0.652759 0.000000 0.749832 0.776424 0.482888 
KN         0.580516 0.470835 0.532481 0.560097 0.815464 0.749832 0.000000 0.797030 0.537385 
SB         0.752308 0.688545 0.775405 0.653471 0.936866 0.776424 0.797030 0.000000 0.496373 
SP         0.681240 0.515690 0.618544 0.402851 0.571548 0.482888 0.537385 0.496373 0.000000 
