9
NTH        0.000000 0.326214 0.144987 0.321853 0.329344 0.310952 0.427926 0.394672 0.346851 
EG         0.326214 0.000000 0.213205 0.264189 0.244475 0.320827 0.304932 0.327382 0.235947 
FR         0.144987 0.213205 0.000000 0.223843 0.266578 0.306673 0.361902 0.362136 0.275944 
GA         0.321853 0.264189 0.223843 0.000000 0.324477 0.268447 0.363674 0.353488 0.235774 
GU         0.329344 0.244475 0.266578 0.324477 0.000000 0.300603 0.413598 0.406726 0.250821 
EF         0.310952 0.320827 0.306673 0.268447 0.300603 0.000000 0.374890 0.344805 0.236340 
KN         0.427926 0.304932 0.361902 0.363674 0.413598 0.374890 0.000000 0.419343 0.268176 
SB         0.394672 0.327382 0.362136 0.353488 0.406726 0.344805 0.419343 0.000000 0.292521 
SP         0.346851 0.235947 0.275944 0.235774 0.250821 0.236340 0.268176 0.292521 0.000000 
