9
NTH        0.000000 0.114315 0.068577 0.106581 0.115785 0.135900 0.152623 0.133571 0.146583 
EG         0.114315 0.000000 0.093914 0.092304 0.082037 0.172791 0.126694 0.144636 0.100032 
FR         0.068577 0.093914 0.000000 0.105129 0.113276 0.149167 0.164612 0.159390 0.127833 
GA         0.106581 0.092304 0.105129 0.000000 0.101347 0.098270 0.122525 0.115282 0.092275 
GU         0.115785 0.082037 0.113276 0.101347 0.000000 0.104982 0.139360 0.132224 0.087143 
EF         0.135900 0.172791 0.149167 0.098270 0.104982 0.000000 0.169518 0.131202 0.113307 
KN         0.152623 0.126694 0.164612 0.122525 0.139360 0.169518 0.000000 0.146926 0.091280 
SB         0.133571 0.144636 0.159390 0.115282 0.132224 0.131202 0.146926 0.000000 0.091425 
SP         0.146583 0.100032 0.127833 0.092275 0.087143 0.113307 0.091280 0.091425 0.000000 
