9
NTH        0.000000 0.037872 0.028750 0.070664 0.090147 0.089948 0.063451 0.075287 0.079942 
EG         0.037872 0.000000 0.031223 0.064614 0.081423 0.083931 0.054920 0.071329 0.068533 
FR         0.028750 0.031223 0.000000 0.073353 0.091891 0.098395 0.062181 0.081884 0.084842 
GA         0.070664 0.064614 0.073353 0.000000 0.060093 0.062623 0.059866 0.067043 0.051006 
GU         0.090147 0.081423 0.091891 0.060093 0.000000 0.068859 0.075143 0.085317 0.061045 
EF         0.089948 0.083931 0.098395 0.062623 0.068859 0.000000 0.077357 0.080446 0.067645 
KN         0.063451 0.054920 0.062181 0.059866 0.075143 0.077357 0.000000 0.073086 0.057932 
SB         0.075287 0.071329 0.081884 0.067043 0.085317 0.080446 0.073086 0.000000 0.051166 
SP         0.079942 0.068533 0.084842 0.051006 0.061045 0.067645 0.057932 0.051166 0.000000 
