9
NTH        0.000000 0.035420 0.026832 0.065786 0.084708 0.084926 0.059361 0.070771 0.075101 
EG         0.035420 0.000000 0.029107 0.060092 0.076163 0.078851 0.051071 0.066947 0.064008 
FR         0.026832 0.029107 0.000000 0.068422 0.086505 0.093244 0.058062 0.077275 0.079833 
GA         0.065786 0.060092 0.068422 0.000000 0.055413 0.058045 0.055277 0.062076 0.046993 
GU         0.084708 0.076163 0.086505 0.055413 0.000000 0.064091 0.069809 0.079603 0.056511 
EF         0.084926 0.078851 0.093244 0.058045 0.064091 0.000000 0.072281 0.075192 0.063129 
KN         0.059361 0.051071 0.058062 0.055277 0.069809 0.072281 0.000000 0.068014 0.053618 
SB         0.070771 0.066947 0.077275 0.062076 0.079603 0.075192 0.068014 0.000000 0.047370 
SP         0.075101 0.064008 0.079833 0.046993 0.056511 0.063129 0.053618 0.047370 0.000000 
