9
NTH        0.000000 0.245415 0.150298 0.264121 0.261317 0.238723 0.345571 0.305290 0.287902 
EG         0.245415 0.000000 0.194546 0.209878 0.180483 0.273695 0.240846 0.248326 0.191159 
FR         0.150298 0.194546 0.000000 0.203056 0.234083 0.320419 0.308269 0.352244 0.245926 
GA         0.264121 0.209878 0.203056 0.000000 0.263096 0.219112 0.298685 0.286400 0.199334 
GU         0.261317 0.180483 0.234083 0.263096 0.000000 0.257739 0.326278 0.306815 0.211306 
EF         0.238723 0.273695 0.320419 0.219112 0.257739 0.000000 0.305412 0.262495 0.210793 
KN         0.345571 0.240846 0.308269 0.298685 0.326278 0.305412 0.000000 0.333914 0.226088 
SB         0.305290 0.248326 0.352244 0.286400 0.306815 0.262495 0.333914 0.000000 0.230348 
SP         0.287902 0.191159 0.245926 0.199334 0.211306 0.210793 0.226088 0.230348 0.000000 
