9
NTH        0.000000 0.071303 0.052708 0.123573 0.158646 0.167493 0.103592 0.130910 0.142238 
EG         0.071303 0.000000 0.058194 0.110169 0.138869 0.148099 0.089581 0.122174 0.120150 
FR         0.052708 0.058194 0.000000 0.127031 0.160412 0.172756 0.098527 0.141959 0.148682 
GA         0.123573 0.110169 0.127031 0.000000 0.104717 0.118363 0.100342 0.117517 0.093138 
GU         0.158646 0.138869 0.160412 0.104717 0.000000 0.118631 0.128397 0.150615 0.109732 
EF         0.167493 0.148099 0.172756 0.118363 0.118631 0.000000 0.141319 0.141347 0.122595 
KN         0.103592 0.089581 0.098527 0.100342 0.128397 0.141319 0.000000 0.124630 0.102593 
SB         0.130910 0.122174 0.141959 0.117517 0.150615 0.141347 0.124630 0.000000 0.093366 
SP         0.142238 0.120150 0.148682 0.093138 0.109732 0.122595 0.102593 0.093366 0.000000 
