9
NTH        0.000000 0.117701 0.057210 0.107151 0.105866 0.131472 0.140215 0.128386 0.123595 
EG         0.117701 0.000000 0.082983 0.084915 0.070458 0.135596 0.087993 0.102182 0.080066 
FR         0.057210 0.082983 0.000000 0.091163 0.076466 0.113771 0.118896 0.114686 0.098321 
GA         0.107151 0.084915 0.091163 0.000000 0.084575 0.091529 0.083998 0.086819 0.079015 
GU         0.105866 0.070458 0.076466 0.084575 0.000000 0.079363 0.089375 0.087604 0.062451 
EF         0.131472 0.135596 0.113771 0.091529 0.079363 0.000000 0.097559 0.088195 0.089688 
KN         0.140215 0.087993 0.118896 0.083998 0.089375 0.097559 0.000000 0.091406 0.062117 
SB         0.128386 0.102182 0.114686 0.086819 0.087604 0.088195 0.091406 0.000000 0.063434 
SP         0.123595 0.080066 0.098321 0.079015 0.062451 0.089688 0.062117 0.063434 0.000000 
