9
NTH        0.000000 0.197048 0.153622 0.389798 0.552175 0.539362 0.382434 0.490270 0.466321 
EG         0.197048 0.000000 0.178724 0.343464 0.493844 0.457117 0.311599 0.450451 0.353868 
FR         0.153622 0.178724 0.000000 0.380745 0.565649 0.542065 0.353994 0.519835 0.446880 
GA         0.389798 0.343464 0.380745 0.000000 0.373792 0.360323 0.373592 0.428858 0.277966 
GU         0.552175 0.493844 0.565649 0.373792 0.000000 0.435222 0.524943 0.598898 0.383520 
EF         0.539362 0.457117 0.542065 0.360323 0.435222 0.000000 0.497305 0.512273 0.351554 
KN         0.382434 0.311599 0.353994 0.373592 0.524943 0.497305 0.000000 0.515774 0.363059 
SB         0.490270 0.450451 0.519835 0.428858 0.598898 0.512273 0.515774 0.000000 0.332405 
SP         0.466321 0.353868 0.446880 0.277966 0.383520 0.351554 0.363059 0.332405 0.000000 
