9
NTH        0.000000 0.092684 0.044728 0.085088 0.083325 0.106554 0.113449 0.102078 0.097970 
EG         0.092684 0.000000 0.064922 0.064190 0.052733 0.106184 0.066949 0.078188 0.058222 
FR         0.044728 0.064922 0.000000 0.070315 0.060001 0.089400 0.092118 0.089359 0.074890 
GA         0.085088 0.064190 0.070315 0.000000 0.063889 0.071302 0.063824 0.064497 0.059091 
GU         0.083325 0.052733 0.060001 0.063889 0.000000 0.061364 0.068023 0.066812 0.046577 
EF         0.106554 0.106184 0.089400 0.071302 0.061364 0.000000 0.075059 0.067683 0.068720 
KN         0.113449 0.066949 0.092118 0.063824 0.068023 0.075059 0.000000 0.068195 0.045595 
SB         0.102078 0.078188 0.089359 0.064497 0.066812 0.067683 0.068195 0.000000 0.047233 
SP         0.097970 0.058222 0.074890 0.059091 0.046577 0.068720 0.045595 0.047233 0.000000 
