9
NTH        0.000000 0.248005 0.151774 0.266729 0.263965 0.241286 0.349029 0.308400 0.290990 
EG         0.248005 0.000000 0.196592 0.212300 0.182384 0.276795 0.243432 0.251035 0.193418 
FR         0.151774 0.196592 0.000000 0.205132 0.236442 0.323966 0.311464 0.355811 0.248614 
GA         0.266729 0.212300 0.205132 0.000000 0.265767 0.221436 0.301694 0.289404 0.201571 
GU         0.263965 0.182384 0.236442 0.265767 0.000000 0.260372 0.329624 0.309892 0.213599 
EF         0.241286 0.276795 0.323966 0.221436 0.260372 0.000000 0.308719 0.265332 0.213220 
KN         0.349029 0.243432 0.311464 0.301694 0.329624 0.308719 0.000000 0.337414 0.228563 
SB         0.308400 0.251035 0.355811 0.289404 0.309892 0.265332 0.337414 0.000000 0.232796 
SP         0.290990 0.193418 0.248614 0.201571 0.213599 0.213220 0.228563 0.232796 0.000000 
