9
NTH        0.0000000 0.0180202 0.0117553 0.0305454 0.0407722 0.0359367 0.0281969 0.0349871 0.0362852 
EG         0.0180202 0.0000000 0.0145244 0.0246319 0.0364651 0.0348136 0.0281899 0.0328925 0.0315428 
FR         0.0117553 0.0145244 0.0000000 0.0301766 0.0429543 0.0370308 0.0276725 0.0355127 0.0346987 
GA         0.0305454 0.0246319 0.0301766 0.0000000 0.0271301 0.0285233 0.0299285 0.0283247 0.0224177 
GU         0.0407722 0.0364651 0.0429543 0.0271301 0.0000000 0.0312226 0.0350814 0.0405485 0.0307893 
EF         0.0359367 0.0348136 0.0370308 0.0285233 0.0312226 0.0000000 0.0371945 0.0377168 0.0279993 
KN         0.0281969 0.0281899 0.0276725 0.0299285 0.0350814 0.0371945 0.0000000 0.0344154 0.0293944 
SB         0.0349871 0.0328925 0.0355127 0.0283247 0.0405485 0.0377168 0.0344154 0.0000000 0.0260023 
SP         0.0362852 0.0315428 0.0346987 0.0224177 0.0307893 0.0279993 0.0293944 0.0260023 0.0000000 
