9
NTH        0.0000000 1.0800232 1.0852452 1.7592691 0.7577080 1.7501694 0.6547981 1.0800232 0.6547981 
EG         1.0800232 0.0000000 8.9999988 0.2351824 1.0907806 8.9999985 0.2338785 3.5342070 0.2338785 
FR         1.0852452 8.9999988 0.0000000 8.9999987 1.0808279 1.0818115 1.0810564 8.9999988 1.0810564 
GA         1.7592691 0.2351824 8.9999987 0.0000000 8.9999989 3.5336294 3.5342070 8.9999986 3.5342070 
GU         0.7577080 1.0907806 1.0808279 8.9999989 0.0000000 8.9999989 0.1694672 1.0907806 0.1694672 
EF         1.7501694 8.9999985 1.0818115 3.5336294 8.9999989 0.0000000 3.5390864 8.9999985 3.5390864 
KN         0.6547981 0.2338785 1.0810564 3.5342070 0.1694672 3.5390864 0.0000000 0.2338785 0.0000010 
SB         1.0800232 3.5342070 8.9999988 8.9999986 1.0907806 8.9999985 0.2338785 0.0000000 0.2338785 
SP         0.6547981 0.2338785 1.0810564 3.5342070 0.1694672 3.5390864 0.0000010 0.2338785 0.0000000 
