9
NTH        0.000000 0.352176 0.258785 0.699245 0.998604 0.941765 0.677250 0.878845 0.816358 
EG         0.352176 0.000000 0.286878 0.617276 0.903985 0.028918 0.558465 0.813557 0.626008 
FR         0.258785 0.286878 0.000000 0.666218 0.987075 0.894283 0.628815 0.911493 0.747427 
GA         0.699245 0.617276 0.666218 0.000000 0.681889 0.619089 0.666841 0.770666 0.488995 
GU         0.998604 0.903985 0.987075 0.681889 0.000000 0.776130 0.960911 1.096575 0.685372 
EF         0.941765 0.028918 0.894283 0.619089 0.776130 0.000000 0.892146 0.921070 0.588415 
KN         0.677250 0.558465 0.628815 0.666841 0.960911 0.892146 0.000000 0.933511 0.646991 
SB         0.878845 0.813557 0.911493 0.770666 1.096575 0.921070 0.933511 0.000000 0.594199 
SP         0.816358 0.626008 0.747427 0.488995 0.685372 0.588415 0.646991 0.594199 0.000000 
