9
NTH        0.000000 0.115818 0.069453 0.107939 0.117328 0.137676 0.154586 0.135331 0.148496 
EG         0.115818 0.000000 0.095070 0.093525 0.083163 0.175076 0.128329 0.146471 0.101525 
FR         0.069453 0.095070 0.000000 0.106411 0.114698 0.151112 0.166649 0.161431 0.129468 
GA         0.107939 0.093525 0.106411 0.000000 0.102687 0.099599 0.124074 0.116819 0.093592 
GU         0.117328 0.083163 0.114698 0.102687 0.000000 0.106387 0.141190 0.133939 0.088372 
EF         0.137676 0.175076 0.151112 0.099599 0.106387 0.000000 0.171786 0.133019 0.114923 
KN         0.154586 0.128329 0.166649 0.124074 0.141190 0.171786 0.000000 0.148888 0.092610 
SB         0.135331 0.146471 0.161431 0.116819 0.133939 0.133019 0.148888 0.000000 0.092690 
SP         0.148496 0.101525 0.129468 0.093592 0.088372 0.114923 0.092610 0.092690 0.000000 
