9
NTH        0.000000 0.144509 0.086044 0.133649 0.146654 0.171207 0.191486 0.168701 0.184537 
EG         0.144509 0.000000 0.116413 0.116843 0.104842 0.218189 0.158744 0.180470 0.130933 
FR         0.086044 0.116413 0.000000 0.130414 0.140948 0.187813 0.204338 0.197468 0.160011 
GA         0.133649 0.116843 0.130414 0.000000 0.128168 0.125041 0.152688 0.146136 0.119158 
GU         0.146654 0.104842 0.140948 0.128168 0.000000 0.133156 0.175616 0.166202 0.112232 
EF         0.171207 0.218189 0.187813 0.125041 0.133156 0.000000 0.214931 0.167838 0.146401 
KN         0.191486 0.158744 0.204338 0.152688 0.175616 0.214931 0.000000 0.185737 0.118566 
SB         0.168701 0.180470 0.197468 0.146136 0.166202 0.167838 0.185737 0.000000 0.116970 
SP         0.184537 0.130933 0.160011 0.119158 0.112232 0.146401 0.118566 0.116970 0.000000 
