9
NTH        0.0000000 0.0175800 0.0114669 0.0298654 0.0399623 0.0352376 0.0274729 0.0340278 0.0355363 
EG         0.0175800 0.0000000 0.0141620 0.0240115 0.0356274 0.0340798 0.0274224 0.0319515 0.0308082 
FR         0.0114669 0.0141620 0.0000000 0.0295294 0.0421814 0.0363852 0.0269657 0.0346034 0.0339975 
GA         0.0298654 0.0240115 0.0295294 0.0000000 0.0264137 0.0278493 0.0291037 0.0274436 0.0218082 
GU         0.0399623 0.0356274 0.0421814 0.0264137 0.0000000 0.0304718 0.0341268 0.0393996 0.0299990 
EF         0.0352376 0.0340798 0.0363852 0.0278493 0.0304718 0.0000000 0.0362977 0.0366647 0.0273251 
KN         0.0274729 0.0274224 0.0269657 0.0291037 0.0341268 0.0362977 0.0000000 0.0333108 0.0285651 
SB         0.0340278 0.0319515 0.0346034 0.0274436 0.0393996 0.0366647 0.0333108 0.0000000 0.0251725 
SP         0.0355363 0.0308082 0.0339975 0.0218082 0.0299990 0.0273251 0.0285651 0.0251725 0.0000000 
