9
NTH        0.000000 0.035390 0.026808 0.065725 0.084638 0.084862 0.059310 0.070714 0.075040 
EG         0.035390 0.000000 0.029081 0.060036 0.076097 0.078787 0.051023 0.066892 0.063951 
FR         0.026808 0.029081 0.000000 0.068360 0.086436 0.093177 0.058010 0.077216 0.079769 
GA         0.065725 0.060036 0.068360 0.000000 0.055355 0.057988 0.055220 0.062015 0.046943 
GU         0.084638 0.076097 0.086436 0.055355 0.000000 0.064031 0.069742 0.079532 0.056455 
EF         0.084862 0.078787 0.093177 0.057988 0.064031 0.000000 0.072217 0.075126 0.063072 
KN         0.059310 0.051023 0.058010 0.055220 0.069742 0.072217 0.000000 0.067951 0.053565 
SB         0.070714 0.066892 0.077216 0.062015 0.079532 0.075126 0.067951 0.000000 0.047322 
SP         0.075040 0.063951 0.079769 0.046943 0.056455 0.063072 0.053565 0.047322 0.000000 
