9
NTH        0.000000 0.084641 0.062049 0.159871 0.225490 0.226370 0.158053 0.199567 0.200735 
EG         0.084641 0.000000 0.073435 0.148446 0.207324 0.205914 0.135747 0.194433 0.162323 
FR         0.062049 0.073435 0.000000 0.169444 0.241779 0.235044 0.152846 0.216494 0.203255 
GA         0.159871 0.148446 0.169444 0.000000 0.150851 0.154819 0.154778 0.176688 0.122571 
GU         0.225490 0.207324 0.241779 0.150851 0.000000 0.175715 0.213135 0.249113 0.163592 
EF         0.226370 0.205914 0.235044 0.154819 0.175715 0.000000 0.210881 0.217450 0.163981 
KN         0.158053 0.135747 0.152846 0.154778 0.213135 0.210881 0.000000 0.212338 0.152285 
SB         0.199567 0.194433 0.216494 0.176688 0.249113 0.217450 0.212338 0.000000 0.146470 
SP         0.200735 0.162323 0.203255 0.122571 0.163592 0.163981 0.152285 0.146470 0.000000 
