9
NTH        0.000000 0.050191 0.026447 0.052228 0.046414 0.056627 0.070896 0.062196 0.056525 
EG         0.050191 0.000000 0.038102 0.038196 0.027749 0.067747 0.044519 0.048771 0.037953 
FR         0.026447 0.038102 0.000000 0.045652 0.035907 0.058962 0.058242 0.056329 0.046125 
GA         0.052228 0.038196 0.045652 0.000000 0.039978 0.038763 0.041341 0.039915 0.035372 
GU         0.046414 0.027749 0.035907 0.039978 0.000000 0.045747 0.046039 0.044542 0.032146 
EF         0.056627 0.067747 0.058962 0.038763 0.045747 0.000000 0.050612 0.047135 0.045750 
KN         0.070896 0.044519 0.058242 0.041341 0.046039 0.050612 0.000000 0.046746 0.026422 
SB         0.062196 0.048771 0.056329 0.039915 0.044542 0.047135 0.046746 0.000000 0.029372 
SP         0.056525 0.037953 0.046125 0.035372 0.032146 0.045750 0.026422 0.029372 0.000000 
