9
NTH        0.0000000 0.0276643 0.0139760 0.0244128 0.0273231 0.0280364 0.0357481 0.0322538 0.0268664 
EG         0.0276643 0.0000000 0.0128786 0.0106873 0.0198989 0.0364993 0.0190198 0.0246878 0.0194535 
FR         0.0139760 0.0128786 0.0000000 0.0187994 0.0254571 0.0268684 0.0238428 0.0255471 0.0157764 
GA         0.0244128 0.0106873 0.0187994 0.0000000 0.0220095 0.0226336 0.0207398 0.0224696 0.0215383 
GU         0.0273231 0.0198989 0.0254571 0.0220095 0.0000000 0.0248639 0.0273735 0.0293915 0.0190071 
EF         0.0280364 0.0364993 0.0268684 0.0226336 0.0248639 0.0000000 0.0461684 0.0354665 0.0307649 
KN         0.0357481 0.0190198 0.0238428 0.0207398 0.0273735 0.0461684 0.0000000 0.0232540 0.0224192 
SB         0.0322538 0.0246878 0.0255471 0.0224696 0.0293915 0.0354665 0.0232540 0.0000000 0.0201766 
SP         0.0268664 0.0194535 0.0157764 0.0215383 0.0190071 0.0307649 0.0224192 0.0201766 0.0000000 
