9
NTH        0.0000000 0.3843561 0.4773300 0.4899818 1.3124702 4.6186025 0.7495884 0.6543310 0.3006589 
EG         0.3843561 0.0000000 0.6524355 0.5461931 0.9321207 0.6587379 0.6588086 0.4741994 0.4720831 
FR         0.4773300 0.6524355 0.0000000 0.4774878 1.2808141 0.6045901 0.6046009 0.8832659 0.3961251 
GA         0.4899818 0.5461931 0.4774878 0.0000000 0.6537710 0.3035374 0.3035708 0.5780272 0.3005879 
GU         1.3124702 0.9321207 1.2808141 0.6537710 0.0000000 8.9999987 0.7764041 0.4777474 0.7822722 
EF         4.6186025 0.6587379 0.6045901 0.3035374 8.9999987 0.0000000 0.4774513 0.7768494 0.4776128 
KN         0.7495884 0.6588086 0.6046009 0.3035708 0.7764041 0.4774513 0.0000000 0.7747389 0.4775137 
SB         0.6543310 0.4741994 0.8832659 0.5780272 0.4777474 0.7768494 0.7747389 0.0000000 0.6616958 
SP         0.3006589 0.4720831 0.3961251 0.3005879 0.7822722 0.4776128 0.4775137 0.6616958 0.0000000 
