9
NTH        0.000000 0.048768 0.025618 0.050686 0.045024 0.055121 0.068997 0.060351 0.054900 
EG         0.048768 0.000000 0.036864 0.036885 0.026764 0.065978 0.043044 0.047200 0.036569 
FR         0.025618 0.036864 0.000000 0.044142 0.034742 0.057280 0.056363 0.054524 0.044553 
GA         0.050686 0.036885 0.044142 0.000000 0.038582 0.037570 0.039963 0.038446 0.034091 
GU         0.045024 0.026764 0.034742 0.038582 0.000000 0.044369 0.044470 0.043029 0.031025 
EF         0.055121 0.065978 0.057280 0.037570 0.044369 0.000000 0.049084 0.045645 0.044323 
KN         0.068997 0.043044 0.056363 0.039963 0.044470 0.049084 0.000000 0.045064 0.025442 
SB         0.060351 0.047200 0.054524 0.038446 0.043029 0.045645 0.045064 0.000000 0.028300 
SP         0.054900 0.036569 0.044553 0.034091 0.031025 0.044323 0.025442 0.028300 0.000000 
