9
NTH        0.000000 0.144784 0.086204 0.133896 0.146937 0.171529 0.191838 0.169021 0.184879 
EG         0.144784 0.000000 0.116613 0.117069 0.105054 0.218604 0.159030 0.180788 0.131226 
FR         0.086204 0.116613 0.000000 0.130643 0.141193 0.188164 0.204689 0.197803 0.160301 
GA         0.133896 0.117069 0.130643 0.000000 0.128417 0.125290 0.152955 0.146418 0.119410 
GU         0.146937 0.105054 0.141193 0.128417 0.000000 0.133417 0.175946 0.166511 0.112468 
EF         0.171529 0.218604 0.188164 0.125290 0.133417 0.000000 0.215348 0.168177 0.146713 
KN         0.191838 0.159030 0.204689 0.152955 0.175946 0.215348 0.000000 0.186088 0.118824 
SB         0.169021 0.180788 0.197803 0.146418 0.166511 0.168177 0.186088 0.000000 0.117207 
SP         0.184879 0.131226 0.160301 0.119410 0.112468 0.146713 0.118824 0.117207 0.000000 
