9
NTH        0.000000 0.059509 0.031980 0.062319 0.055547 0.066167 0.082880 0.074293 0.067046 
EG         0.059509 0.000000 0.046431 0.047218 0.034599 0.078789 0.054494 0.059339 0.047377 
FR         0.031980 0.046431 0.000000 0.055875 0.043751 0.069722 0.070804 0.068376 0.056807 
GA         0.062319 0.047218 0.055875 0.000000 0.049591 0.046719 0.050824 0.050248 0.044327 
GU         0.055547 0.034599 0.043751 0.049591 0.000000 0.054797 0.056736 0.054842 0.039929 
EF         0.066167 0.078789 0.069722 0.046719 0.054797 0.000000 0.060721 0.057039 0.055253 
KN         0.082880 0.054494 0.070804 0.050824 0.056736 0.060721 0.000000 0.058253 0.033295 
SB         0.074293 0.059339 0.068376 0.050248 0.054842 0.057039 0.058253 0.000000 0.036857 
SP         0.067046 0.047377 0.056807 0.044327 0.039929 0.055253 0.033295 0.036857 0.000000 
