9
NTH        0.000000 0.210479 0.164037 0.416872 0.588705 0.576457 0.406105 0.520852 0.500446 
EG         0.210479 0.000000 0.191193 0.368651 0.528179 0.490552 0.333140 0.480770 0.381865 
FR         0.164037 0.191193 0.000000 0.407992 0.603550 0.580291 0.377550 0.553013 0.480626 
GA         0.416872 0.368651 0.407992 0.000000 0.400032 0.387074 0.399938 0.457469 0.299947 
GU         0.588705 0.528179 0.603550 0.400032 0.000000 0.464699 0.559641 0.636622 0.411959 
EF         0.576457 0.490552 0.580291 0.387074 0.464699 0.000000 0.531698 0.547039 0.378965 
KN         0.406105 0.333140 0.377550 0.399938 0.559641 0.531698 0.000000 0.548402 0.390468 
SB         0.520852 0.480770 0.553013 0.457469 0.636622 0.547039 0.548402 0.000000 0.356567 
SP         0.500446 0.381865 0.480626 0.299947 0.411959 0.378965 0.390468 0.356567 0.000000 
