9
NTH        0.0000000 0.0271427 0.0137122 0.0239176 0.0268984 0.0277172 0.0349868 0.0315189 0.0264414 
EG         0.0271427 0.0000000 0.0125433 0.0104001 0.0194455 0.0359066 0.0184684 0.0240073 0.0190025 
FR         0.0137122 0.0125433 0.0000000 0.0183251 0.0249130 0.0264439 0.0231958 0.0248500 0.0154040 
GA         0.0239176 0.0104001 0.0183251 0.0000000 0.0215064 0.0222184 0.0201492 0.0218291 0.0210397 
GU         0.0268984 0.0194455 0.0249130 0.0215064 0.0000000 0.0244847 0.0266998 0.0286634 0.0186122 
EF         0.0277172 0.0359066 0.0264439 0.0222184 0.0244847 0.0000000 0.0453673 0.0347207 0.0303487 
KN         0.0349868 0.0184684 0.0231958 0.0201492 0.0266998 0.0453673 0.0000000 0.0225469 0.0218351 
SB         0.0315189 0.0240073 0.0248500 0.0218291 0.0286634 0.0347207 0.0225469 0.0000000 0.0196224 
SP         0.0264414 0.0190025 0.0154040 0.0210397 0.0186122 0.0303487 0.0218351 0.0196224 0.0000000 
