9
NTH        0.0000000 0.0173574 0.0113214 0.0295178 0.0395449 0.0348765 0.0270996 0.0335443 0.0351513 
EG         0.0173574 0.0000000 0.0139792 0.0236979 0.0351994 0.0337031 0.0270363 0.0314795 0.0304345 
FR         0.0113214 0.0139792 0.0000000 0.0291978 0.0417789 0.0360497 0.0266006 0.0341436 0.0336367 
GA         0.0295178 0.0236979 0.0291978 0.0000000 0.0260582 0.0275070 0.0286892 0.0270042 0.0215020 
GU         0.0395449 0.0351994 0.0417789 0.0260582 0.0000000 0.0300906 0.0336466 0.0388223 0.0295998 
EF         0.0348765 0.0337031 0.0360497 0.0275070 0.0300906 0.0000000 0.0358425 0.0361349 0.0269834 
KN         0.0270996 0.0270363 0.0266006 0.0286892 0.0336466 0.0358425 0.0000000 0.0327610 0.0281490 
SB         0.0335443 0.0314795 0.0341436 0.0270042 0.0388223 0.0361349 0.0327610 0.0000000 0.0247597 
SP         0.0351513 0.0304345 0.0336367 0.0215020 0.0295998 0.0269834 0.0281490 0.0247597 0.0000000 
