9
NTH        0.000000 0.323512 0.143786 0.319310 0.326699 0.308334 0.424489 0.391462 0.343937 
EG         0.323512 0.000000 0.211364 0.262013 0.242446 0.317973 0.302352 0.324600 0.233836 
FR         0.143786 0.211364 0.000000 0.221991 0.264400 0.304037 0.358847 0.359098 0.273559 
GA         0.319310 0.262013 0.221991 0.000000 0.321867 0.266204 0.360732 0.350560 0.233737 
GU         0.326699 0.242446 0.264400 0.321867 0.000000 0.298115 0.410228 0.403475 0.248744 
EF         0.308334 0.317973 0.304037 0.266204 0.298115 0.000000 0.371729 0.341891 0.234225 
KN         0.424489 0.302352 0.358847 0.360732 0.410228 0.371729 0.000000 0.415853 0.265886 
SB         0.391462 0.324600 0.359098 0.350560 0.403475 0.341891 0.415853 0.000000 0.290072 
SP         0.343937 0.233836 0.273559 0.233737 0.248744 0.234225 0.265886 0.290072 0.000000 
