9
NTH        0.0000000 0.0175396 0.0114404 0.0298024 0.0398868 0.0351724 0.0273976 0.0339399 0.0354667 
EG         0.0175396 0.0000000 0.0141287 0.0239545 0.0355503 0.0340117 0.0273522 0.0318656 0.0307404 
FR         0.0114404 0.0141287 0.0000000 0.0294694 0.0421093 0.0363247 0.0269008 0.0345198 0.0339322 
GA         0.0298024 0.0239545 0.0294694 0.0000000 0.0263491 0.0277872 0.0290283 0.0273635 0.0217525 
GU         0.0398868 0.0355503 0.0421093 0.0263491 0.0000000 0.0304027 0.0340394 0.0392946 0.0299265 
EF         0.0351724 0.0340117 0.0363247 0.0277872 0.0304027 0.0000000 0.0362151 0.0365684 0.0272631 
KN         0.0273976 0.0273522 0.0269008 0.0290283 0.0340394 0.0362151 0.0000000 0.0332105 0.0284894 
SB         0.0339399 0.0318656 0.0345198 0.0273635 0.0392946 0.0365684 0.0332105 0.0000000 0.0250972 
SP         0.0354667 0.0307404 0.0339322 0.0217525 0.0299265 0.0272631 0.0284894 0.0250972 0.0000000 
