9
NTH        0.0000000 1.8640816 2.6025740 5.2688102 8.9999983 8.9999990 5.9869870 3.5191403 2.1460033 
EG         1.8640816 0.0000000 3.5053282 2.3378581 6.4813377 2.8763290 2.8792474 2.2203942 2.0010105 
FR         2.6025740 3.5053282 0.0000000 2.6027649 8.9999982 2.9355146 2.9399825 4.1006196 1.8268806 
GA         5.2688102 2.3378581 2.6027649 0.0000000 3.5070028 2.1430836 2.1447937 2.6475889 2.1461616 
GU         8.9999983 6.4813377 8.9999982 3.5070028 0.0000000 8.9999988 3.8291710 2.6098434 3.8349771 
EF         8.9999990 2.8763290 2.9355146 2.1430836 8.9999988 0.0000000 2.6004044 3.8294059 2.6025028 
KN         5.9869870 2.8792474 2.9399825 2.1447937 3.8291710 2.6004044 0.0000000 3.8147532 2.6058481 
SB         3.5191403 2.2203942 4.1006196 2.6475889 2.6098434 3.8294059 3.8147532 0.0000000 2.8814293 
SP         2.1460033 2.0010105 1.8268806 2.1461616 3.8349771 2.6025028 2.6058481 2.8814293 0.0000000 
