9
NTH        0.000000 0.071394 0.052775 0.123739 0.158830 0.167684 0.103714 0.131056 0.142429 
EG         0.071394 0.000000 0.058271 0.110329 0.139045 0.148288 0.089704 0.122325 0.120313 
FR         0.052775 0.058271 0.000000 0.127201 0.160599 0.172951 0.098653 0.142118 0.148863 
GA         0.123739 0.110329 0.127201 0.000000 0.104870 0.118531 0.100491 0.117680 0.093276 
GU         0.158830 0.139045 0.160599 0.104870 0.000000 0.118783 0.128559 0.150795 0.109880 
EF         0.167684 0.148288 0.172951 0.118531 0.118783 0.000000 0.141499 0.141520 0.122750 
KN         0.103714 0.089704 0.098653 0.100491 0.128559 0.141499 0.000000 0.124786 0.102735 
SB         0.131056 0.122325 0.142118 0.117680 0.150795 0.141520 0.124786 0.000000 0.093493 
SP         0.142429 0.120313 0.148863 0.093276 0.109880 0.122750 0.102735 0.093493 0.000000 
