9
NTH        0.000000 0.036300 0.027519 0.067534 0.086678 0.086755 0.060848 0.072404 0.076853 
EG         0.036300 0.000000 0.029864 0.061713 0.078059 0.080690 0.052448 0.068529 0.065634 
FR         0.027519 0.029864 0.000000 0.070193 0.088460 0.095130 0.059541 0.078950 0.081649 
GA         0.067534 0.061713 0.070193 0.000000 0.057078 0.059671 0.056910 0.063848 0.048418 
GU         0.086678 0.078059 0.088460 0.057078 0.000000 0.065800 0.071719 0.081657 0.058129 
EF         0.086755 0.080690 0.095130 0.059671 0.065800 0.000000 0.074108 0.077084 0.064751 
KN         0.060848 0.052448 0.059541 0.056910 0.071719 0.074108 0.000000 0.069847 0.055156 
SB         0.072404 0.068529 0.078950 0.063848 0.081657 0.077084 0.069847 0.000000 0.048722 
SP         0.076853 0.065634 0.081649 0.048418 0.058129 0.064751 0.055156 0.048722 0.000000 
