9
NTH        0.000000 0.200373 0.156389 0.396499 0.561204 0.547820 0.388364 0.497618 0.474510 
EG         0.200373 0.000000 0.181768 0.349490 0.502038 0.464712 0.316905 0.457809 0.360641 
FR         0.156389 0.181768 0.000000 0.387390 0.574682 0.550633 0.359833 0.527615 0.454769 
GA         0.396499 0.349490 0.387390 0.000000 0.380290 0.366888 0.380161 0.435913 0.283403 
GU         0.561204 0.502038 0.574682 0.380290 0.000000 0.442483 0.533649 0.608201 0.390422 
EF         0.547820 0.464712 0.550633 0.366888 0.442483 0.000000 0.505710 0.520578 0.358001 
KN         0.388364 0.316905 0.359833 0.380161 0.533649 0.505710 0.000000 0.523820 0.369802 
SB         0.497618 0.457809 0.527615 0.435913 0.608201 0.520578 0.523820 0.000000 0.338345 
SP         0.474510 0.360641 0.454769 0.283403 0.390422 0.358001 0.369802 0.338345 0.000000 
