9
NTH        0.000000 0.067568 0.049983 0.116768 0.150953 0.159517 0.098512 0.124817 0.135171 
EG         0.067568 0.000000 0.055067 0.103687 0.131609 0.140340 0.084546 0.115951 0.113476 
FR         0.049983 0.055067 0.000000 0.120087 0.152729 0.164620 0.093355 0.135445 0.141226 
GA         0.116768 0.103687 0.120087 0.000000 0.098504 0.111500 0.094323 0.110849 0.087524 
GU         0.150953 0.131609 0.152729 0.098504 0.000000 0.112394 0.121733 0.143148 0.103671 
EF         0.159517 0.140340 0.164620 0.111500 0.112394 0.000000 0.133908 0.134183 0.116205 
KN         0.098512 0.084546 0.093355 0.094323 0.121733 0.133908 0.000000 0.118173 0.096793 
SB         0.124817 0.115951 0.135445 0.110849 0.143148 0.134183 0.118173 0.000000 0.088193 
SP         0.135171 0.113476 0.141226 0.087524 0.103671 0.116205 0.096793 0.088193 0.000000 
