9
NTH        0.000000 0.258965 0.190344 0.509068 0.736112 0.681874 0.508292 0.019796 0.586239 
EG         0.258965 0.000000 0.207738 0.443899 0.657244 0.566395 0.407791 0.597695 0.439565 
FR         0.190344 0.207738 0.000000 0.479142 0.721038 0.638646 0.462345 0.675930 0.529337 
GA         0.509068 0.443899 0.479142 0.000000 0.495911 0.438902 0.483917 0.567797 0.343424 
GU         0.736112 0.657244 0.721038 0.495911 0.000000 0.564196 0.709100 0.817961 0.491240 
EF         0.681874 0.566395 0.638646 0.438902 0.564196 0.000000 0.647880 0.672117 0.411189 
KN         0.508292 0.407791 0.462345 0.483917 0.709100 0.647880 0.000000 0.695694 0.460529 
SB         0.019796 0.597695 0.675930 0.567797 0.817961 0.672117 0.695694 0.000000 0.426895 
SP         0.586239 0.439565 0.529337 0.343424 0.491240 0.411189 0.460529 0.426895 0.000000 
