9
NTH        0.000000 0.087143 0.063954 0.164791 0.231886 0.232763 0.162332 0.204821 0.206622 
EG         0.087143 0.000000 0.075626 0.153092 0.213292 0.211997 0.139770 0.199729 0.167425 
FR         0.063954 0.075626 0.000000 0.174572 0.248459 0.241618 0.157112 0.222109 0.209206 
GA         0.164791 0.153092 0.174572 0.000000 0.155531 0.159768 0.159660 0.181801 0.126633 
GU         0.231886 0.213292 0.248459 0.155531 0.000000 0.180817 0.219075 0.255769 0.168544 
EF         0.232763 0.211997 0.241618 0.159768 0.180817 0.000000 0.217047 0.223601 0.168994 
KN         0.162332 0.139770 0.157112 0.159660 0.219075 0.217047 0.000000 0.218016 0.156995 
SB         0.204821 0.199729 0.222109 0.181801 0.255769 0.223601 0.218016 0.000000 0.150745 
SP         0.206622 0.167425 0.209206 0.126633 0.168544 0.168994 0.156995 0.150745 0.000000 
