9
NTH        0.000000 0.087421 0.064166 0.165336 0.232592 0.233471 0.162805 0.205408 0.207286 
EG         0.087421 0.000000 0.075870 0.153610 0.213954 0.212672 0.140216 0.200313 0.167992 
FR         0.064166 0.075870 0.000000 0.175141 0.249198 0.242347 0.157584 0.222666 0.209866 
GA         0.165336 0.153610 0.175141 0.000000 0.156051 0.160319 0.160203 0.182368 0.127086 
GU         0.232592 0.213954 0.249198 0.156051 0.000000 0.181382 0.219732 0.256504 0.169094 
EF         0.233471 0.212672 0.242347 0.160319 0.181382 0.000000 0.217732 0.224282 0.169552 
KN         0.162805 0.140216 0.157584 0.160203 0.219732 0.217732 0.000000 0.218643 0.157520 
SB         0.205408 0.200313 0.222666 0.182368 0.256504 0.224282 0.218643 0.000000 0.151219 
SP         0.207286 0.167992 0.209866 0.127086 0.169094 0.169552 0.157520 0.151219 0.000000 
