9
NTH        0.000000 0.093394 0.068753 0.177095 0.247663 0.248510 0.172863 0.217683 0.221353 
EG         0.093394 0.000000 0.081119 0.164741 0.228026 0.227087 0.149778 0.212710 0.180204 
FR         0.068753 0.081119 0.000000 0.187366 0.264867 0.257798 0.167647 0.235803 0.223977 
GA         0.177095 0.164741 0.187366 0.000000 0.167241 0.172195 0.171902 0.194469 0.136890 
GU         0.247663 0.228026 0.264867 0.167241 0.000000 0.193447 0.233671 0.272044 0.180889 
EF         0.248510 0.227087 0.257798 0.172195 0.193447 0.000000 0.232326 0.238770 0.181510 
KN         0.172863 0.149778 0.167647 0.171902 0.233671 0.232326 0.000000 0.231890 0.168768 
SB         0.217683 0.212710 0.235803 0.194469 0.272044 0.238770 0.231890 0.000000 0.161356 
SP         0.221353 0.180204 0.223977 0.136890 0.180889 0.181510 0.168768 0.161356 0.000000 
