9
NTH        0.0000000 8.9999983 8.9999983 5.4451620 5.6037235 5.0994206 5.6573668 3.5030989 3.7487772 
EG         8.9999983 0.0000000 5.3514349 8.9999989 8.9999988 8.9999985 8.9999983 4.6606068 8.9999981 
FR         8.9999983 5.3514349 0.0000000 8.9999983 8.9999984 8.9999985 8.9999988 4.2559231 8.9999988 
GA         5.4451620 8.9999989 8.9999983 0.0000000 3.9418151 3.9240062 5.4884191 5.8688900 3.3557230 
GU         5.6037235 8.9999988 8.9999984 3.9418151 0.0000000 4.1054959 8.9999987 3.6679530 3.8270727 
EF         5.0994206 8.9999985 8.9999985 3.9240062 4.1054959 0.0000000 8.9999983 5.5964288 8.4937299 
KN         5.6573668 8.9999983 8.9999988 5.4884191 8.9999987 8.9999983 0.0000000 3.6454966 3.8290857 
SB         3.5030989 4.6606068 4.2559231 5.8688900 3.6679530 5.5964288 3.6454966 0.0000000 4.7018988 
SP         3.7487772 8.9999981 8.9999988 3.3557230 3.8270727 8.4937299 3.8290857 4.7018988 0.0000000 
