9
NTH        0.0000000 0.0306712 0.0155318 0.0273248 0.0296778 0.0296427 0.0403006 0.0367143 0.0292485 
EG         0.0306712 0.0000000 0.0150016 0.0125416 0.0226778 0.0397994 0.0225550 0.0290731 0.0222381 
FR         0.0155318 0.0150016 0.0000000 0.0217573 0.0286549 0.0292505 0.0279767 0.0299956 0.0180746 
GA         0.0273248 0.0125416 0.0217573 0.0000000 0.0250763 0.0250741 0.0245797 0.0266234 0.0246034 
GU         0.0296778 0.0226778 0.0286549 0.0250763 0.0000000 0.0269771 0.0315890 0.0339335 0.0213831 
EF         0.0296427 0.0397994 0.0292505 0.0250741 0.0269771 0.0000000 0.0507646 0.0399236 0.0330207 
KN         0.0403006 0.0225550 0.0279767 0.0245797 0.0315890 0.0507646 0.0000000 0.0279482 0.0261386 
SB         0.0367143 0.0290731 0.0299956 0.0266234 0.0339335 0.0399236 0.0279482 0.0000000 0.0236832 
SP         0.0292485 0.0222381 0.0180746 0.0246034 0.0213831 0.0330207 0.0261386 0.0236832 0.0000000 
