9
NTH        0.000000 0.038078 0.028911 0.071074 0.090596 0.090359 0.063791 0.075661 0.080342 
EG         0.038078 0.000000 0.031401 0.064995 0.081861 0.084351 0.055244 0.071693 0.068911 
FR         0.028911 0.031401 0.000000 0.073766 0.092334 0.098812 0.062527 0.082262 0.085255 
GA         0.071074 0.064995 0.073766 0.000000 0.060492 0.063010 0.060256 0.067463 0.051350 
GU         0.090596 0.081861 0.092334 0.060492 0.000000 0.069260 0.075593 0.085796 0.061430 
EF         0.090359 0.084351 0.098812 0.063010 0.069260 0.000000 0.077781 0.080884 0.068023 
KN         0.063791 0.055244 0.062527 0.060256 0.075593 0.077781 0.000000 0.073511 0.058298 
SB         0.075661 0.071693 0.082262 0.067463 0.085796 0.080884 0.073511 0.000000 0.051489 
SP         0.080342 0.068911 0.085255 0.051350 0.061430 0.068023 0.058298 0.051489 0.000000 
