9
NTH        0.0000000 0.0268174 0.0135489 0.0236107 0.0266327 0.0275134 0.0345153 0.0310668 0.0261764 
EG         0.0268174 0.0000000 0.0123388 0.0102253 0.0191671 0.0355353 0.0181409 0.0235928 0.0187263 
FR         0.0135489 0.0123388 0.0000000 0.0180349 0.0245835 0.0261785 0.0228016 0.0244260 0.0151763 
GA         0.0236107 0.0102253 0.0180349 0.0000000 0.0211979 0.0219615 0.0197820 0.0214401 0.0207340 
GU         0.0266327 0.0191671 0.0245835 0.0211979 0.0000000 0.0242474 0.0262888 0.0282193 0.0183699 
EF         0.0275134 0.0355353 0.0261785 0.0219615 0.0242474 0.0000000 0.0448664 0.0342540 0.0300887 
KN         0.0345153 0.0181409 0.0228016 0.0197820 0.0262888 0.0448664 0.0000000 0.0221186 0.0214797 
SB         0.0310668 0.0235928 0.0244260 0.0214401 0.0282193 0.0342540 0.0221186 0.0000000 0.0192922 
SP         0.0261764 0.0187263 0.0151763 0.0207340 0.0183699 0.0300887 0.0214797 0.0192922 0.0000000 
