9
NTH        0.000000 0.043631 0.022673 0.045145 0.040028 0.049621 0.062031 0.053727 0.049022 
EG         0.043631 0.000000 0.032491 0.032288 0.023330 0.059439 0.037829 0.041629 0.031852 
FR         0.022673 0.032491 0.000000 0.038809 0.030624 0.051176 0.049690 0.048106 0.039035 
GA         0.045145 0.032288 0.038809 0.000000 0.033700 0.033299 0.035106 0.033360 0.029640 
GU         0.040028 0.023330 0.030624 0.033700 0.000000 0.039426 0.038962 0.037709 0.027101 
EF         0.049621 0.059439 0.051176 0.033299 0.039426 0.000000 0.043616 0.040347 0.039247 
KN         0.062031 0.037829 0.049690 0.035106 0.038962 0.043616 0.000000 0.039284 0.022036 
SB         0.053727 0.041629 0.048106 0.033360 0.037709 0.040347 0.039284 0.000000 0.024581 
SP         0.049022 0.031852 0.039035 0.029640 0.027101 0.039247 0.022036 0.024581 0.000000 
