9
NTH        0.0000000 0.0179662 0.0117198 0.0304625 0.0406739 0.0358519 0.0281079 0.0348691 0.0361942 
EG         0.0179662 0.0000000 0.0144798 0.0245557 0.0363626 0.0347243 0.0280954 0.0327764 0.0314529 
FR         0.0117198 0.0144798 0.0000000 0.0300978 0.0428608 0.0369528 0.0275857 0.0354010 0.0346135 
GA         0.0304625 0.0245557 0.0300978 0.0000000 0.0270430 0.0284407 0.0298268 0.0282156 0.0223426 
GU         0.0406739 0.0363626 0.0428608 0.0270430 0.0000000 0.0311306 0.0349638 0.0404068 0.0306922 
EF         0.0358519 0.0347243 0.0369528 0.0284407 0.0311306 0.0000000 0.0370846 0.0375873 0.0279166 
KN         0.0281079 0.0280954 0.0275857 0.0298268 0.0349638 0.0370846 0.0000000 0.0342784 0.0292921 
SB         0.0348691 0.0327764 0.0354010 0.0282156 0.0404068 0.0375873 0.0342784 0.0000000 0.0258994 
SP         0.0361942 0.0314529 0.0346135 0.0223426 0.0306922 0.0279166 0.0292921 0.0258994 0.0000000 
