9
NTH        0.000000 0.083913 0.061496 0.158439 0.223621 0.224501 0.156801 0.198024 0.199005 
EG         0.083913 0.000000 0.072798 0.147096 0.205580 0.204140 0.134577 0.192811 0.160840 
FR         0.061496 0.072798 0.000000 0.167940 0.239824 0.233121 0.151600 0.214847 0.201520 
GA         0.158439 0.147096 0.167940 0.000000 0.149491 0.153382 0.153360 0.175196 0.121393 
GU         0.223621 0.205580 0.239824 0.149491 0.000000 0.174226 0.211397 0.247162 0.162149 
EF         0.224501 0.204140 0.233121 0.153382 0.174226 0.000000 0.209082 0.215652 0.162522 
KN         0.156801 0.134577 0.151600 0.153360 0.211397 0.209082 0.000000 0.210674 0.150915 
SB         0.198024 0.192811 0.214847 0.175196 0.247162 0.215652 0.210674 0.000000 0.145223 
SP         0.199005 0.160840 0.201520 0.121393 0.162149 0.162522 0.150915 0.145223 0.000000 
