9
NTH        0.000000 0.265797 0.195374 0.522905 0.755474 0.700819 0.521088 0.674540 0.602798 
EG         0.265797 0.000000 0.213471 0.456433 0.675309 0.582919 0.418891 0.613687 0.452665 
FR         0.195374 0.213471 0.000000 0.492584 0.740569 0.657236 0.474499 0.693682 0.544855 
GA         0.522905 0.456433 0.492584 0.000000 0.509518 0.451739 0.497245 0.582879 0.353693 
GU         0.755474 0.675309 0.740569 0.509518 0.000000 0.579683 0.727856 0.838835 0.505232 
EF         0.700819 0.582919 0.657236 0.451739 0.579683 0.000000 0.665741 0.690428 0.423650 
KN         0.521088 0.418891 0.474499 0.497245 0.727856 0.665741 0.000000 0.713590 0.473877 
SB         0.674540 0.613687 0.693682 0.582879 0.838835 0.690428 0.713590 0.000000 0.438901 
SP         0.602798 0.452665 0.544855 0.353693 0.505232 0.423650 0.473877 0.438901 0.000000 
