9
NTH        0.000000 0.050122 0.026407 0.052153 0.046347 0.056554 0.070805 0.062106 0.056446 
EG         0.050122 0.000000 0.038041 0.038132 0.027701 0.067662 0.044447 0.048695 0.037887 
FR         0.026407 0.038041 0.000000 0.045579 0.035850 0.058881 0.058151 0.056241 0.046048 
GA         0.052153 0.038132 0.045579 0.000000 0.039910 0.038705 0.041274 0.039844 0.035310 
GU         0.046347 0.027701 0.035850 0.039910 0.000000 0.045680 0.045963 0.044468 0.032091 
EF         0.056554 0.067662 0.058881 0.038705 0.045680 0.000000 0.050538 0.047062 0.045680 
KN         0.070805 0.044447 0.058151 0.041274 0.045963 0.050538 0.000000 0.046666 0.026374 
SB         0.062106 0.048695 0.056241 0.039844 0.044468 0.047062 0.046666 0.000000 0.029320 
SP         0.056446 0.037887 0.046048 0.035310 0.032091 0.045680 0.026374 0.029320 0.000000 
