9
NTH        0.000000 0.094812 0.045778 0.086977 0.085242 0.108755 0.115802 0.104348 0.100165 
EG         0.094812 0.000000 0.066464 0.065880 0.054162 0.108685 0.068675 0.080172 0.059938 
FR         0.045778 0.066464 0.000000 0.072050 0.061402 0.091480 0.094370 0.091502 0.076820 
GA         0.086977 0.065880 0.072050 0.000000 0.065574 0.073003 0.065472 0.066278 0.060696 
GU         0.085242 0.054162 0.061402 0.065574 0.000000 0.062868 0.069781 0.068526 0.047855 
EF         0.108755 0.108685 0.091480 0.073003 0.062868 0.000000 0.076928 0.069390 0.070453 
KN         0.115802 0.068675 0.094370 0.065472 0.069781 0.076928 0.000000 0.070057 0.046904 
SB         0.104348 0.080172 0.091502 0.066278 0.068526 0.069390 0.070057 0.000000 0.048535 
SP         0.100165 0.059938 0.076820 0.060696 0.047855 0.070453 0.046904 0.048535 0.000000 
