9
NTH        0.000000 0.035723 0.027068 0.066387 0.085388 0.085559 0.059889 0.071335 0.075706 
EG         0.035723 0.000000 0.029368 0.060650 0.076816 0.079486 0.051544 0.067493 0.064568 
FR         0.027068 0.029368 0.000000 0.069032 0.087181 0.093897 0.058571 0.077854 0.080460 
GA         0.066387 0.060650 0.069032 0.000000 0.055984 0.058604 0.055837 0.062685 0.047481 
GU         0.085388 0.076816 0.087181 0.055984 0.000000 0.064679 0.070465 0.080310 0.057067 
EF         0.085559 0.079486 0.093897 0.058604 0.064679 0.000000 0.072911 0.075844 0.063687 
KN         0.059889 0.051544 0.058571 0.055837 0.070465 0.072911 0.000000 0.068660 0.054146 
SB         0.071335 0.067493 0.077854 0.062685 0.080310 0.075844 0.068660 0.000000 0.047834 
SP         0.075706 0.064568 0.080460 0.047481 0.057067 0.063687 0.054146 0.047834 0.000000 
