9
NTH        0.000000 0.333311 0.200108 0.350816 0.350477 0.326428 0.460424 0.409887 0.393355 
EG         0.333311 0.000000 0.263803 0.284669 0.245294 0.381828 0.328697 0.341109 0.271360 
FR         0.200108 0.263803 0.000000 0.273123 0.312431 0.432393 0.415475 0.470462 0.338328 
GA         0.350816 0.284669 0.273123 0.000000 0.352928 0.298976 0.398331 0.387639 0.277108 
GU         0.350477 0.245294 0.312431 0.352928 0.000000 0.345906 0.437820 0.408530 0.290101 
EF         0.326428 0.381828 0.432393 0.298976 0.345906 0.000000 0.418852 0.359510 0.296263 
KN         0.460424 0.328697 0.415475 0.398331 0.437820 0.418852 0.000000 0.451379 0.311014 
SB         0.409887 0.341109 0.470462 0.387639 0.408530 0.359510 0.451379 0.000000 0.313239 
SP         0.393355 0.271360 0.338328 0.277108 0.290101 0.296263 0.311014 0.313239 0.000000 
