9
NTH        0.000000 0.205349 0.160165 0.406464 0.574733 0.561697 0.397144 0.509125 0.487180 
EG         0.205349 0.000000 0.186290 0.358822 0.514908 0.477170 0.325118 0.469029 0.371006 
FR         0.160165 0.186290 0.000000 0.397493 0.588777 0.564903 0.368566 0.539979 0.467309 
GA         0.406464 0.358822 0.397493 0.000000 0.390013 0.376764 0.389918 0.446528 0.291533 
GU         0.574733 0.514908 0.588777 0.390013 0.000000 0.453418 0.546490 0.622212 0.400966 
EF         0.561697 0.477170 0.564903 0.376764 0.453418 0.000000 0.518480 0.533492 0.368176 
KN         0.397144 0.325118 0.368566 0.389918 0.546490 0.518480 0.000000 0.535944 0.379939 
SB         0.509125 0.469029 0.539979 0.446528 0.622212 0.533492 0.535944 0.000000 0.347298 
SP         0.487180 0.371006 0.467309 0.291533 0.400966 0.368176 0.379939 0.347298 0.000000 
