9
NTH        0.000000 0.092888 0.044829 0.085268 0.083508 0.106766 0.113676 0.102297 0.098182 
EG         0.092888 0.000000 0.065071 0.064352 0.052870 0.106424 0.067114 0.078378 0.058386 
FR         0.044829 0.065071 0.000000 0.070481 0.060135 0.089600 0.092334 0.089564 0.075074 
GA         0.085268 0.064352 0.070481 0.000000 0.064049 0.071464 0.063981 0.064667 0.059244 
GU         0.083508 0.052870 0.060135 0.064049 0.000000 0.061508 0.068191 0.066976 0.046699 
EF         0.106766 0.106424 0.089600 0.071464 0.061508 0.000000 0.075238 0.067847 0.068886 
KN         0.113676 0.067114 0.092334 0.063981 0.068191 0.075238 0.000000 0.068372 0.045720 
SB         0.102297 0.078378 0.089564 0.064667 0.066976 0.067847 0.068372 0.000000 0.047357 
SP         0.098182 0.058386 0.075074 0.059244 0.046699 0.068886 0.045720 0.047357 0.000000 
