9
NTH        0.000000 0.194686 0.151844 0.385035 0.545599 0.532875 0.378224 0.484829 0.460347 
EG         0.194686 0.000000 0.176576 0.339062 0.487779 0.451272 0.307811 0.445094 0.349005 
FR         0.151844 0.176576 0.000000 0.375967 0.558959 0.535291 0.349832 0.513954 0.440992 
GA         0.385035 0.339062 0.375967 0.000000 0.369178 0.355656 0.368941 0.423802 0.274144 
GU         0.545599 0.487779 0.558959 0.369178 0.000000 0.430021 0.518864 0.592195 0.378546 
EF         0.532875 0.451272 0.535291 0.355656 0.430021 0.000000 0.491381 0.506167 0.346786 
KN         0.378224 0.307811 0.349832 0.368941 0.518864 0.491381 0.000000 0.509977 0.358289 
SB         0.484829 0.445094 0.513954 0.423802 0.592195 0.506167 0.509977 0.000000 0.328172 
SP         0.460347 0.349005 0.440992 0.274144 0.378546 0.346786 0.358289 0.328172 0.000000 
