9
NTH        0.000000 0.190426 0.148630 0.376443 0.534023 0.521119 0.370598 0.474780 0.449583 
EG         0.190426 0.000000 0.172701 0.331234 0.476750 0.440718 0.300960 0.435440 0.340273 
FR         0.148630 0.172701 0.000000 0.367353 0.546854 0.523302 0.342316 0.503297 0.430214 
GA         0.376443 0.331234 0.367353 0.000000 0.360852 0.347217 0.360448 0.414661 0.267278 
GU         0.534023 0.476750 0.546854 0.360852 0.000000 0.420623 0.507814 0.579957 0.369589 
EF         0.521119 0.440718 0.523302 0.347217 0.420623 0.000000 0.480451 0.495091 0.338215 
KN         0.370598 0.300960 0.342316 0.360448 0.507814 0.480451 0.000000 0.499465 0.349677 
SB         0.474780 0.435440 0.503297 0.414661 0.579957 0.495091 0.499465 0.000000 0.320543 
SP         0.449583 0.340273 0.430214 0.267278 0.369589 0.338215 0.349677 0.320543 0.000000 
