9
NTH        0.000000 0.219019 0.160707 0.427983 0.020613 0.571973 0.432497 0.559128 0.490275 
EG         0.219019 0.000000 0.174324 0.371581 0.552115 0.472337 0.343434 0.504300 0.364726 
FR         0.160707 0.174324 0.000000 0.401107 0.607123 0.533209 0.390529 0.572562 0.440092 
GA         0.427983 0.371581 0.401107 0.000000 0.416818 0.365183 0.406425 0.479472 0.284605 
GU         0.020613 0.552115 0.607123 0.416818 0.000000 0.474212 0.599145 0.694268 0.410451 
EF         0.571973 0.472337 0.533209 0.365183 0.474212 0.000000 0.544092 0.565408 0.340476 
KN         0.432497 0.343434 0.390529 0.406425 0.599145 0.544092 0.000000 0.590163 0.383820 
SB         0.559128 0.504300 0.572562 0.479472 0.694268 0.565408 0.590163 0.000000 0.357400 
SP         0.490275 0.364726 0.440092 0.284605 0.410451 0.340476 0.383820 0.357400 0.000000 
