9
NTH        0.000000 0.092084 0.067743 0.174518 0.244387 0.245241 0.170676 0.215025 0.218293 
EG         0.092084 0.000000 0.079965 0.162296 0.224959 0.223940 0.147686 0.210021 0.177523 
FR         0.067743 0.079965 0.000000 0.184705 0.261466 0.254444 0.165456 0.232978 0.220895 
GA         0.174518 0.162296 0.184705 0.000000 0.164786 0.169585 0.169332 0.191829 0.134728 
GU         0.244387 0.224959 0.261466 0.164786 0.000000 0.190816 0.230644 0.268678 0.178307 
EF         0.245241 0.223940 0.254444 0.169585 0.190816 0.000000 0.229142 0.235618 0.178890 
KN         0.170676 0.147686 0.165456 0.169332 0.230644 0.229142 0.000000 0.229022 0.166302 
SB         0.215025 0.210021 0.232978 0.191829 0.268678 0.235618 0.229022 0.000000 0.159141 
SP         0.218293 0.177523 0.220895 0.134728 0.178307 0.178890 0.166302 0.159141 0.000000 
