9
NTH        0.000000 0.208901 0.129218 0.226932 0.223690 0.202675 0.296256 0.261127 0.244277 
EG         0.208901 0.000000 0.165583 0.178957 0.153626 0.230468 0.204445 0.210323 0.159785 
FR         0.129218 0.165583 0.000000 0.173671 0.200464 0.273547 0.262838 0.301484 0.208185 
GA         0.226932 0.178957 0.173671 0.000000 0.225100 0.186297 0.255790 0.243889 0.168103 
GU         0.223690 0.153626 0.200464 0.225100 0.000000 0.220404 0.278694 0.262916 0.179082 
EF         0.202675 0.230468 0.273547 0.186297 0.220404 0.000000 0.258962 0.222641 0.177065 
KN         0.296256 0.204445 0.262838 0.255790 0.278694 0.258962 0.000000 0.284319 0.191340 
SB         0.261127 0.210323 0.301484 0.243889 0.262916 0.222641 0.284319 0.000000 0.195806 
SP         0.244277 0.159785 0.208185 0.168103 0.179082 0.177065 0.191340 0.195806 0.000000 
