9
NTH        0.000000 0.093491 0.045126 0.085804 0.084052 0.107391 0.114344 0.102940 0.098804 
EG         0.093491 0.000000 0.065507 0.064830 0.053274 0.107133 0.067603 0.078940 0.058870 
FR         0.045126 0.065507 0.000000 0.070972 0.060532 0.090189 0.092972 0.090171 0.075621 
GA         0.085804 0.064830 0.070972 0.000000 0.064526 0.071946 0.064448 0.065170 0.059698 
GU         0.084052 0.053274 0.060532 0.064526 0.000000 0.061934 0.068689 0.067461 0.047060 
EF         0.107391 0.107133 0.090189 0.071946 0.061934 0.000000 0.075767 0.068330 0.069376 
KN         0.114344 0.067603 0.092972 0.064448 0.068689 0.075767 0.000000 0.068899 0.046089 
SB         0.102940 0.078940 0.090171 0.065170 0.067461 0.068330 0.068899 0.000000 0.047725 
SP         0.098804 0.058870 0.075621 0.059698 0.047060 0.069376 0.046089 0.047725 0.000000 
