9
NTH        0.000000 0.204234 0.126488 0.222123 0.218843 0.198080 0.289922 0.255442 0.238768 
EG         0.204234 0.000000 0.161909 0.174988 0.150188 0.225008 0.199608 0.205274 0.155905 
FR         0.126488 0.161909 0.000000 0.169899 0.196154 0.267525 0.257068 0.294938 0.203411 
GA         0.222123 0.174988 0.169899 0.000000 0.220202 0.182101 0.250251 0.238440 0.164153 
GU         0.218843 0.150188 0.196154 0.220202 0.000000 0.215604 0.272606 0.257273 0.174981 
EF         0.198080 0.225008 0.267525 0.182101 0.215604 0.000000 0.253051 0.217345 0.172820 
KN         0.289922 0.199608 0.257068 0.250251 0.272606 0.253051 0.000000 0.277991 0.186922 
SB         0.255442 0.205274 0.294938 0.238440 0.257273 0.217345 0.277991 0.000000 0.191390 
SP         0.238768 0.155905 0.203411 0.164153 0.174981 0.172820 0.186922 0.191390 0.000000 
