9
NTH        0.0000000 0.0301112 0.0152339 0.0267732 0.0292497 0.0293763 0.0394260 0.0358451 0.0288107 
EG         0.0301112 0.0000000 0.0145729 0.0121639 0.0221303 0.0391990 0.0218268 0.0281775 0.0216856 
FR         0.0152339 0.0145729 0.0000000 0.0211675 0.0280382 0.0288132 0.0271376 0.0290925 0.0176186 
GA         0.0267732 0.0121639 0.0211675 0.0000000 0.0244741 0.0246111 0.0237905 0.0257706 0.0239979 
GU         0.0292497 0.0221303 0.0280382 0.0244741 0.0000000 0.0265910 0.0307442 0.0330254 0.0209198 
EF         0.0293763 0.0391990 0.0288132 0.0246111 0.0265910 0.0000000 0.0499084 0.0390607 0.0326164 
KN         0.0394260 0.0218268 0.0271376 0.0237905 0.0307442 0.0499084 0.0000000 0.0269696 0.0253835 
SB         0.0358451 0.0281775 0.0290925 0.0257706 0.0330254 0.0390607 0.0269696 0.0000000 0.0229673 
SP         0.0288107 0.0216856 0.0176186 0.0239979 0.0209198 0.0326164 0.0253835 0.0229673 0.0000000 
