9
NTH        0.000000 0.102100 0.061448 0.095497 0.103247 0.121435 0.136611 0.119198 0.130957 
EG         0.102100 0.000000 0.084348 0.082394 0.072937 0.154178 0.113274 0.129599 0.088088 
FR         0.061448 0.084348 0.000000 0.094593 0.101612 0.133311 0.147847 0.143289 0.114397 
GA         0.095497 0.082394 0.094593 0.000000 0.090412 0.087488 0.109769 0.102757 0.081603 
GU         0.103247 0.072937 0.101612 0.090412 0.000000 0.093541 0.124437 0.118236 0.077245 
EF         0.121435 0.154178 0.133311 0.087488 0.093541 0.000000 0.151111 0.116483 0.100301 
KN         0.136611 0.113274 0.147847 0.109769 0.124437 0.151111 0.000000 0.130940 0.080534 
SB         0.119198 0.129599 0.143289 0.102757 0.118236 0.116483 0.130940 0.000000 0.081117 
SP         0.130957 0.088088 0.114397 0.081603 0.077245 0.100301 0.080534 0.081117 0.000000 
